6 8 11 12 14 16 18 16
73 76 79 80 81 84 86 86
32 33 34 37 40 44
9 11 13 14 17 24
59 61 64 62 65
33 36 37 39 36 35
60 62 64 61 62 64 64
12 15 16 15 17 18 22
72 73 75 77 79 82 79 85
60 61 64 64 67 69
44 45 45 46 48 50 52 51
9 11 11 13 14 14
3 5 8 11 11 15
48 51 52 52 53 54 59
76 77 80 84 86 87
30 32 33 35 38 42 41
91 92 93 97 97
59 61 63 67 69 73
59 60 64 67 68 73
28 30 31 36 39 42
26 29 32 34 40 39
64 65 67 74 75 78 79 79
49 52 59 61 65
34 35 42 43 44 51
12 10 11 14 17 18 20 21
68 67 70 73 71
80 79 80 81 84 86 88 88
60 58 60 61 62 66
14 12 13 14 17 18 21 28
24 21 24 26 25 26
30 29 32 35 37 34 33
45 42 41 44 44
55 52 49 52 55 58 59 63
10 9 11 14 16 14 17 24
44 42 43 44 45 45 48 51
53 52 52 55 53
42 39 42 43 45 45 48 48
86 83 83 86 90
7 4 7 8 8 11 18
58 55 56 59 63 66 68 70
77 75 79 81 78
93 90 93 97 97
13 12 16 18 22
42 40 42 45 46 47 51 58
18 15 16 22 24 25
22 20 26 27 30 33 35 33
40 39 44 45 45
36 34 39 42 45 46 50
39 37 44 46 49 54
31 31 32 33 36 39 40 42
6 6 7 10 11 14 16 14
20 20 22 23 26 28 30 30
50 50 52 55 57 61
11 11 14 15 20
89 89 91 89 90
38 38 41 43 44 47 44 41
35 35 36 33 33
76 76 79 82 85 82 85 89
31 31 32 30 33 40
38 38 40 40 41
85 85 85 87 86
44 44 45 48 51 51 52 52
57 57 58 58 59 60 61 65
22 22 24 24 27 32
59 59 62 66 68
17 17 20 24 27 30 28
49 49 50 51 53 57 59 59
48 48 49 53 57
46 46 47 48 51 55 61
51 51 57 59 61 64 67 70
42 42 44 50 52 49
75 75 80 81 81
8 8 13 15 17 21
22 22 23 24 27 34 37 44
75 79 80 82 85 88
67 71 73 75 77 76
8 12 14 15 15
17 21 24 25 27 31
47 51 54 55 58 65
66 70 72 71 72
30 34 37 35 38 36
60 64 65 64 65 67 67
72 76 77 76 79 83
20 24 25 28 29 31 29 36
36 40 43 44 47 49 49 52
15 19 21 24 24 22
77 81 83 84 84 86 89 89
46 50 52 52 56
17 21 22 22 27
75 79 81 85 87 90
7 11 13 17 15
27 31 33 37 37
34 38 41 45 49
69 73 74 78 85
14 18 25 27 28 30 31 33
24 28 29 34 37 36
56 60 67 70 70
35 39 42 48 51 52 56
74 78 80 85 92
47 54 55 58 60 63 65 67